0.166667 0.407407 0.018519 0.407407
0.537037 0.009259 0.027778 0.425926
0.000000 0.018519 0.037037 0.944444
0.111111 0.000000 0.027778 0.861111
0.111111 0.277778 0.537037 0.074074
0.305556 0.018519 0.027778 0.648148
0.296296 0.277778 0.092593 0.333333
0.888889 0.000000 0.037037 0.074074
0.027778 0.009259 0.000000 0.962963
0.009259 0.000000 0.888889 0.101852
0.037037 0.638889 0.083333 0.240741
0.796296 0.018519 0.000000 0.185185
0.712963 0.027778 0.194444 0.064815
0.907407 0.037037 0.055556 0.000000
0.157407 0.148148 0.092593 0.601852
   
