0.190000 0.230000 0.160000 0.420000
0.610000 0.070000 0.050000 0.270000
0.455446 0.059406 0.306931 0.178218
0.227723 0.128713 0.099010 0.544554
0.240000 0.230000 0.070000 0.460000
0.620000 0.140000 0.080000 0.160000
0.740000 0.030000 0.050000 0.180000
0.110000 0.100000 0.070000 0.720000
0.130000 0.110000 0.040000 0.720000
0.730000 0.030000 0.090000 0.150000
0.540000 0.100000 0.050000 0.310000
0.198020 0.148515 0.099010 0.554455
0.590000 0.070000 0.170000 0.170000
0.500000 0.160000 0.220000 0.120000
0.280000 0.110000 0.140000 0.470000
0.297030 0.188119 0.188119 0.326733
0.400000 0.140000 0.290000 0.170000
   
